1,14,2,12,4,8
1,14,6,8,2,4
3,5,1,14,2,12,4,8
3,5,1,14,2,12,8,4
3,5,1,14,4,10,2,8
3,5,1,14,4,10,8,2
3,5,1,14,6,8,2,4
3,5,1,14,6,8,4,2
3,5,1,14,8,6,2,4
3,5,1,14,8,6,4,2
3,5,1,14,10,4,2,8
3,5,1,14,10,4,8,2
3,5,1,14,12,2,4,8
3,5,1,14,12,2,8,4
3,5,2,8,1,4
3,5,2,8,4,1
3,5,4,8,1,2
3,5,4,8,2,1
3,5,6,9,1,8,2,4
3,5,6,9,1,8,4,2
3,5,6,9,2,4,1,8
3,5,6,9,2,4,8,1
3,5,6,9,4,2,1,8
3,5,6,9,4,2,8,1
3,5,6,9,8,1,2,4
3,5,6,9,8,1,4,2
3,5,6,9,10,12,1,2,4,8
3,5,6,9,10,12,1,2,8,4
3,5,6,9,10,12,2,1,4,8
3,5,6,9,10,12,2,1,8,4
3,5,6,9,10,12,4,1,2,8
3,5,6,9,10,12,4,1,8,2
3,5,6,9,10,12,8,1,2,4
3,5,6,9,10,12,8,1,4,2
3,5,6,9,12,10,1,2,4,8
3,5,6,9,12,10,1,2,8,4
3,5,6,9,12,10,2,1,4,8
3,5,6,9,12,10,2,1,8,4
3,5,6,9,12,10,4,1,2,8
3,5,6,9,12,10,4,1,8,2
3,5,6,9,12,10,8,1,2,4
3,5,6,9,12,10,8,1,4,2
3,5,8,2,1,4
3,5,8,2,4,1
3,5,9,6,1,8,2,4
3,5,9,6,1,8,4,2
3,5,9,6,2,4,1,8
3,5,9,6,2,4,8,1
3,5,9,6,4,2,1,8
3,5,9,6,4,2,8,1
3,5,9,6,8,1,2,4
3,5,9,6,8,1,4,2
3,5,9,6,10,12,1,2,4,8
3,5,9,6,10,12,1,2,8,4
3,5,9,6,10,12,2,1,4,8
3,5,9,6,10,12,2,1,8,4
3,5,9,6,10,12,4,1,2,8
3,5,9,6,10,12,4,1,8,2
3,5,9,6,10,12,8,1,2,4
3,5,9,6,10,12,8,1,4,2
3,5,9,6,12,10,1,2,4,8
3,5,9,6,12,10,1,2,8,4
3,5,9,6,12,10,2,1,4,8
3,5,9,6,12,10,2,1,8,4
3,5,9,6,12,10,4,1,2,8
3,5,9,6,12,10,4,1,8,2
3,5,9,6,12,10,8,1,2,4
3,5,9,6,12,10,8,1,4,2
3,5,10,6,1,4,2,8
3,5,10,6,1,4,8,2
3,5,10,6,2,8,1,4
3,5,10,6,2,8,4,1
3,5,10,6,4,1,2,8
3,5,10,6,4,1,8,2
3,5,10,6,8,1,2,4
3,5,10,6,8,1,4,2
3,5,10,6,9,12,1,2,4,8
3,5,10,6,9,12,1,2,8,4
3,5,10,6,9,12,2,1,4,8
3,5,10,6,9,12,2,1,8,4
3,5,10,6,9,12,4,1,2,8
3,5,10,6,9,12,4,1,8,2
3,5,10,6,9,12,8,1,2,4
3,5,10,6,9,12,8,1,4,2
3,5,10,6,12,9,1,2,4,8
3,5,10,6,12,9,1,2,8,4
3,5,10,6,12,9,2,1,4,8
3,5,10,6,12,9,2,1,8,4
3,5,10,6,12,9,4,1,2,8
3,5,10,6,12,9,4,1,8,2
3,5,10,6,12,9,8,1,2,4
3,5,10,6,12,9,8,1,4,2
3,5,12,6,1,2,4,8
3,5,12,6,1,2,8,4
3,5,12,6,2,1,4,8
3,5,12,6,2,1,8,4
3,5,12,6,4,8,1,2
3,5,12,6,4,8,2,1
3,5,12,6,8,1,2,4
3,5,12,6,8,1,4,2
3,5,12,6,9,10,1,2,4,8
3,5,12,6,9,10,1,2,8,4
3,5,12,6,9,10,2,1,4,8
3,5,12,6,9,10,2,1,8,4
3,5,12,6,9,10,4,1,2,8
3,5,12,6,9,10,4,1,8,2
3,5,12,6,9,10,8,1,2,4
3,5,12,6,9,10,8,1,4,2
3,5,12,6,10,9,1,2,4,8
3,5,12,6,10,9,1,2,8,4
3,5,12,6,10,9,2,1,4,8
3,5,12,6,10,9,2,1,8,4
3,5,12,6,10,9,4,1,2,8
3,5,12,6,10,9,4,1,8,2
3,5,12,6,10,9,8,1,2,4
3,5,12,6,10,9,8,1,4,2
3,5,14,1,2,12,4,8
3,5,14,1,2,12,8,4
3,5,14,1,4,10,2,8
3,5,14,1,4,10,8,2
3,5,14,1,6,8,2,4
3,5,14,1,6,8,4,2
3,5,14,1,8,6,2,4
3,5,14,1,8,6,4,2
3,5,14,1,10,4,2,8
3,5,14,1,10,4,8,2
3,5,14,1,12,2,4,8
3,5,14,1,12,2,8,4
7,8,1,6,2,4
7,8,3,4,1,2